  1  1.487e+01  1.000e+02  1.967e+02  1.946e-06  3.129e+00  1.389e+00
  2  1.358e+01  1.250e+02  1.995e+02  2.695e-06  4.332e+00  8.310e-01
  3  1.251e+01  1.500e+02  1.995e+02  2.716e-06  4.366e+00  4.648e-01
  4  1.161e+01  1.750e+02  2.005e+02  2.856e-06  4.592e+00  3.206e-01
  5  1.082e+01  2.000e+02  2.029e+02  3.057e-06  4.915e+00  2.365e-01
  6  1.012e+01  2.250e+02  2.052e+02  3.164e-06  5.087e+00  1.794e-01
  7  9.486e+00  2.500e+02  2.063e+02  3.597e-06  5.783e+00  1.164e-01
  8  8.375e+00  3.000e+02  2.100e+02  4.979e-06  8.005e+00  4.893e-02
  9  7.413e+00  3.500e+02  2.162e+02  7.633e-06  1.227e+01  4.093e-02
 10  6.556e+00  4.000e+02  2.224e+02  1.133e-05  1.822e+01  4.087e-02
 11  5.780e+00  4.500e+02  2.281e+02  1.659e-05  2.667e+01  4.097e-02
 12  5.068e+00  5.000e+02  2.335e+02  2.651e-05  4.262e+01  4.049e-02
 13  4.410e+00  5.500e+02  2.386e+02  4.441e-05  7.140e+01  3.986e-02
 14  3.796e+00  6.000e+02  2.434e+02  7.431e-05  1.195e+02  3.943e-02
 15  3.220e+00  6.500e+02  2.479e+02  1.146e-04  1.843e+02  3.888e-02
 16  2.678e+00  7.000e+02  2.520e+02  1.453e-04  2.336e+02  3.845e-02
 17  2.166e+00  7.500e+02  2.557e+02  1.544e-04  2.483e+02  3.831e-02
 18  1.920e+00  7.750e+02  2.569e+02  1.480e-04  2.380e+02  3.822e-02
 19  1.681e+00  8.000e+02  2.574e+02  1.347e-04  2.166e+02  3.810e-02
 20  1.449e+00  8.250e+02  2.582e+02  1.240e-04  1.995e+02  3.800e-02
 21  1.223e+00  8.500e+02  2.590e+02  1.184e-04  1.904e+02  3.794e-02
 22  1.003e+00  8.750e+02  2.589e+02  1.178e-04  1.895e+02  3.790e-02
 23  7.899e-01  9.000e+02  2.580e+02  1.084e-04  1.744e+02  3.794e-02
 24  5.838e-01  9.250e+02  2.560e+02  9.748e-05  1.567e+02  3.824e-02
 25  3.845e-01  9.500e+02  2.549e+02  1.056e-04  1.698e+02  3.910e-02
 26  1.903e-01  9.750e+02  2.561e+02  1.342e-04  2.158e+02  3.933e-02
 27  0.000e+00  1.000e+03  2.575e+02  1.342e-04  2.158e+02  3.933e-02
