  1  4.242e+01  1.000e+00  2.414e+02  3.589e-06  5.771e+00  2.393e+00
  2  3.769e+01  2.000e+00  2.248e+02  3.759e-06  6.043e+00  4.145e+00
  3  3.507e+01  3.000e+00  2.166e+02  3.819e-06  6.140e+00  5.229e+00
  4  3.189e+01  5.000e+00  2.089e+02  3.841e-06  6.176e+00  4.689e+00
  5  2.986e+01  7.000e+00  2.035e+02  3.891e-06  6.256e+00  4.299e+00
  6  2.778e+01  1.000e+01  1.940e+02  3.948e-06  6.348e+00  3.912e+00
  7  2.390e+01  2.000e+01  1.893e+02  2.558e-06  4.113e+00  3.043e+00
  8  2.165e+01  3.000e+01  1.888e+02  1.989e-06  3.197e+00  2.982e+00
  9  1.881e+01  5.000e+01  1.912e+02  1.852e-06  2.977e+00  2.782e+00
 10  1.691e+01  7.000e+01  1.945e+02  1.865e-06  2.998e+00  2.206e+00
 11  1.487e+01  1.000e+02  1.967e+02  1.946e-06  3.129e+00  1.389e+00
 12  1.358e+01  1.250e+02  1.995e+02  2.695e-06  4.332e+00  8.310e-01
 13  1.251e+01  1.500e+02  1.995e+02  2.716e-06  4.366e+00  4.648e-01
 14  1.161e+01  1.750e+02  2.005e+02  2.856e-06  4.592e+00  3.206e-01
 15  1.082e+01  2.000e+02  2.029e+02  3.057e-06  4.915e+00  2.365e-01
 16  1.012e+01  2.250e+02  2.052e+02  3.164e-06  5.087e+00  1.794e-01
 17  9.486e+00  2.500e+02  2.063e+02  3.597e-06  5.783e+00  1.164e-01
 18  8.375e+00  3.000e+02  2.100e+02  4.979e-06  8.005e+00  4.893e-02
 19  7.413e+00  3.500e+02  2.162e+02  7.633e-06  1.227e+01  4.093e-02
 20  6.556e+00  4.000e+02  2.224e+02  1.133e-05  1.822e+01  4.087e-02
 21  5.780e+00  4.500e+02  2.281e+02  1.659e-05  2.667e+01  4.097e-02
 22  5.068e+00  5.000e+02  2.335e+02  2.651e-05  4.262e+01  4.049e-02
 23  4.410e+00  5.500e+02  2.386e+02  4.441e-05  7.140e+01  3.986e-02
 24  3.796e+00  6.000e+02  2.434e+02  7.431e-05  1.195e+02  3.943e-02
 25  3.220e+00  6.500e+02  2.479e+02  1.146e-04  1.843e+02  3.888e-02
 26  2.678e+00  7.000e+02  2.520e+02  1.453e-04  2.336e+02  3.845e-02
 27  2.166e+00  7.500e+02  2.557e+02  1.544e-04  2.483e+02  3.831e-02
 28  1.920e+00  7.750e+02  2.569e+02  1.480e-04  2.380e+02  3.822e-02
 29  1.681e+00  8.000e+02  2.574e+02  1.347e-04  2.166e+02  3.810e-02
 30  1.449e+00  8.250e+02  2.582e+02  1.240e-04  1.995e+02  3.800e-02
 31  1.223e+00  8.500e+02  2.590e+02  1.184e-04  1.904e+02  3.794e-02
 32  1.003e+00  8.750e+02  2.589e+02  1.178e-04  1.895e+02  3.790e-02
 33  7.899e-01  9.000e+02  2.580e+02  1.084e-04  1.744e+02  3.794e-02
 34  5.838e-01  9.250e+02  2.560e+02  9.748e-05  1.567e+02  3.824e-02
 35  3.845e-01  9.500e+02  2.549e+02  1.056e-04  1.698e+02  3.910e-02
 36  1.903e-01  9.750e+02  2.561e+02  1.342e-04  2.158e+02  3.933e-02
 37  0.000e+00  1.000e+03  2.575e+02  1.342e-04  2.158e+02  3.933e-02
